-0.0624913498759,0.122212305665,0.2340901196,0.0,0.0,-2.36234736443,1.48204886913,-0.684391975403,0.0993161052465,5.70570516586,0.0,0.0,-3.06823801994,1.69943296909
-0.0473421774805,-0.0392460413277,0.451161593199,0.0,0.0,-2.63004016876,1.28847384453,-0.508708715439,-0.128905802965,5.56503820419,0.0,0.0,-3.13177251816,1.35819709301
-0.0811941027641,-0.273794025183,0.69709777832,0.0,0.0,-2.62819290161,0.874865353107,-0.540263414383,-0.17591996491,5.51966333389,0.0,0.0,-3.13141417503,1.31568682194
-0.151649430394,-0.220786869526,1.10301041603,0.0,0.0,-2.47719049454,0.408090084791,-0.692134618759,-0.281276226044,6.16774940491,0.0,0.0,-3.0187702179,1.60598409176
-0.0334397815168,-0.177625253797,0.824901401997,0.0,0.0,-2.75688767433,0.980183184147,-0.532782673836,-0.415850043297,0.164750024676,0.0,0.0,3.11603808403,1.61330235004
-0.0309951324016,-0.187063351274,0.745748460293,0.0,0.0,-2.7920229435,1.05445289612,-0.568524003029,-0.391832619905,0.102509789169,0.0,0.0,3.12886166573,1.65591204166
-0.0280212238431,-0.190055966377,0.580658018589,0.0,0.0,-2.78603315353,1.13891017437,-0.580517470837,-0.40114814043,0.0943888425827,0.0,0.0,3.13063454628,1.65059959888
-0.0271807741374,-0.192720413208,0.319108456373,0.0,0.0,-2.72030901909,1.23848092556,-0.678137898445,-0.381400972605,6.22148275375,0.0,0.0,-3.11104393005,1.71768701077
-0.1503777951,-0.338580518961,5.2418513298,0.0,0.0,-2.83689236641,1.62581634521,-0.744899690151,-0.277705967426,5.52923297882,0.0,0.0,-3.00691914558,1.39683115482
-0.150314331055,-0.321996957064,5.25592136383,0.0,0.0,-2.80567455292,1.67430436611,-0.744219899178,-0.264004707336,5.39832305908,0.0,0.0,-2.94627022743,1.32986545563
-0.275488823652,-0.357469528913,4.98106193542,0.0,0.0,-2.8029563427,1.71140825748,-0.734944283962,-0.265363037586,5.33936595917,0.0,0.0,-2.89474153519,1.28861534595
-0.210669621825,-0.349767684937,5.23051738739,0.0,0.0,-2.70375108719,1.75755107403,-0.740722715855,-0.240382388234,5.30414056778,0.0,0.0,-2.90732550621,1.28300344944
-0.153212159872,-0.34226089716,5.14950370789,0.0,0.0,-2.78693199158,1.80376124382,-0.714370131493,-0.235782295465,5.24596118927,0.0,0.0,-2.87687492371,1.23162662983
-0.0522282011807,-0.280144631863,5.10296583176,0.0,0.0,-2.79341936111,2.07631516457,-0.686667382717,-0.232571333647,5.08823490143,0.0,0.0,-2.81504464149,1.10015940666
-0.18428388238,-0.479874819517,5.78246307373,0.0,0.0,-2.83861398697,1.21642768383,-0.613585710526,-0.332950532436,5.50989198685,0.0,0.0,-2.99117708206,1.25677454472
-0.418300181627,-0.403584182262,6.10113811493,0.0,0.0,-2.80932164192,1.16609442234,-0.616660714149,-0.314465790987,5.59373092651,0.0,0.0,-3.04353237152,1.30466783047
-0.312667757273,-0.443300187588,0.0345005989075,0.0,0.0,-2.70523881912,1.05439174175,-0.669115900993,-0.347220748663,5.56276512146,0.0,0.0,-2.96470475197,1.294074893
-0.181374207139,-0.525384783745,0.0305228531361,0.0,0.0,-2.75711536407,1.01603758335,-0.768876552582,-0.451138585806,5.6680021286,0.0,0.0,-2.99252748489,1.33455133438
-0.116120964289,-0.614247977734,6.17123222351,0.0,0.0,-2.85282230377,1.000872612,-0.784774780273,-0.489374160767,5.67932653427,0.0,0.0,-3.01011705399,1.32829797268
-0.0770624279976,-0.623433530331,0.139400303364,0.0,0.0,-2.85331869125,0.920588552952,-0.797995090485,-0.531662344933,5.67437839508,0.0,0.0,-3.00859761238,1.30756676197
-0.0535031594336,-0.646961271763,6.16320705414,0.0,0.0,-2.91391396523,0.979329824448,-0.830351114273,-0.601926088333,5.12211084366,0.0,0.0,-2.79314208031,1.03527760506
-0.101553618908,-0.621892511845,6.10873413086,0.0,0.0,-2.90662384033,0.998619556427,-0.76026058197,-0.628880858421,5.71038341522,0.0,0.0,-3.06470751762,1.20884621143
-0.160667851567,-0.687799990177,6.13306474686,0.0,0.0,-2.94044971466,0.904319405556,-0.693140089512,-0.723435759544,5.55281925201,0.0,0.0,-3.0459663868,1.01251494884
-0.279941678047,-0.761770367622,6.22317123413,0.0,0.0,-2.92912268639,0.804957330227,-0.800154685974,-0.73057359457,5.59171819687,0.0,0.0,-3.0116891861,1.09984302521
-0.282125920057,-0.799358725548,0.223823472857,0.0,0.0,-2.932254076,0.721240222454,-0.82073110342,-0.738285660744,5.60887765884,0.0,0.0,-3.00980043411,1.1149135828
-0.123386763036,-0.830970406532,0.0672495663166,0.0,0.0,-2.95273399353,0.728858113289,-0.753642201424,-0.799997389317,5.66650915146,0.0,0.0,-3.01071166992,1.00364923477
-0.634227216244,-1.34593081474,5.94722986221,0.0,0.0,-2.89660096169,0.35157006979,-0.377533972263,-1.13751745224,0.998094916344,0.0,0.0,-3.13426589966,0.690588951111
-0.784845113754,-1.32020843029,5.84526157379,0.0,0.0,-2.92835688591,0.335960239172,-0.128499463201,-1.13106989861,0.572390377522,0.0,0.0,3.05283403397,0.637327313423
-0.835176348686,-1.28328585625,5.57408380508,0.0,0.0,-2.87536811829,0.467288374901,-0.133782356977,-1.12074005604,0.783670306206,0.0,0.0,3.1020014286,0.593205273151
-0.849208295345,-1.26613438129,5.44919538498,0.0,0.0,-2.87783479691,0.508133888245,-0.142452389002,-1.11096942425,0.310872972012,0.0,0.0,3.08458137512,0.55406922102
-0.72628891468,-1.19894862175,0.377967983484,0.0,0.0,-2.82605814934,0.238826036453,-0.335365504026,-1.03863084316,6.261282444,0.0,0.0,3.09280180931,0.651263415813
-0.609747648239,-1.0920637846,6.26054620743,0.0,0.0,-2.86668276787,0.476920992136,-0.332674860954,-0.973497509956,6.14939594269,0.0,0.0,3.08829236031,0.709719121456
-0.577804267406,-1.03631675243,0.243724316359,0.0,0.0,-2.81389307976,0.436266541481,-0.310244172812,-0.918649256229,5.84731340408,0.0,0.0,3.1079185009,0.681316673756
-0.47877573967,-0.950688242912,0.297487705946,0.0,0.0,-2.77856040001,0.479949325323,-0.315489172935,-0.835299193859,5.73321199417,0.0,0.0,3.1266245842,0.735241949558
-0.357849478722,-0.784350097179,0.520231962204,0.0,0.0,-2.82726502419,0.594716608524,-0.454749792814,-0.71072268486,5.64807367325,0.0,0.0,-3.11786937714,0.893691897392
-0.192244455218,-0.157819867134,0.00871419813484,0.0,0.0,-2.55009460449,1.33612036705,-0.656219005585,-0.224037155509,5.94128131866,0.0,0.0,-2.96569132805,1.54329228401
-0.176767870784,-0.13934110105,6.0795712471,0.0,0.0,-2.65628838539,1.4563601017,-0.652205526829,-0.229765802622,5.99630403519,0.0,0.0,-2.97558903694,1.54283165932
-0.184902667999,-0.135202109814,6.0125169754,0.0,0.0,-2.63258552551,1.48825597763,-0.646879255772,-0.230317682028,5.99311542511,0.0,0.0,-3.02042412758,1.54991579056
-0.189736768603,-0.133143514395,5.99680805206,0.0,0.0,-2.60326981544,1.49947392941,-0.634886622429,-0.2219594419,5.96958827972,0.0,0.0,-3.05300021172,1.55208539963
-0.19173464179,-0.121383182704,6.03703260422,0.0,0.0,-2.59819030762,1.48926377296,-0.612946629524,-0.209580674767,6.0456533432,0.0,0.0,-3.09462380409,1.59721148014
-0.201935306191,-0.109478004277,6.0986790657,0.0,0.0,-2.51396298409,1.47028231621,-0.60244166851,-0.236238867044,6.06925344467,0.0,0.0,-3.1126742363,1.58619141579
-0.238897711039,-0.10575697571,5.8573141098,0.0,0.0,-2.576597929,1.56385624409,-0.59710174799,-0.208743780851,6.06814193726,0.0,0.0,3.13777709007,1.62824821472
-0.24588792026,-0.0763311460614,6.02291536331,0.0,0.0,-2.47620463371,1.51515769958,-0.58534938097,-0.169295221567,6.12973213196,0.0,0.0,-3.13125061989,1.67973434925
-0.270867079496,-0.0463131926954,6.02857875824,0.0,0.0,-2.44048500061,1.52421653271,-0.586579203606,-0.135078683496,6.16998338699,0.0,0.0,-3.12207651138,1.71746969223
-0.31533241272,0.0039140842855,5.91462516785,0.0,0.0,-2.44315385818,1.59916734695,-0.537153959274,-0.0516963973641,0.0234577693045,0.0,0.0,-3.13192677498,1.8025996685
-0.316519081593,0.0173455141485,5.91906881332,0.0,0.0,-2.4095556736,1.60898077488,-0.528166472912,-0.013758180663,0.00365800270811,0.0,0.0,-3.14099097252,1.81983363628
-0.313594430685,0.0514470823109,5.80218887329,0.0,0.0,-2.42953372002,1.69393181801,-0.530240893364,-0.00362072768621,6.2820763588,0.0,0.0,3.1233997345,1.83383226395
-0.322087615728,0.0491111688316,5.92275762558,0.0,0.0,-2.41312074661,1.62992358208,-0.505454599857,0.044270362705,0.0108554605395,0.0,0.0,3.11411571503,1.85511362553
-0.313705950975,0.0740006268024,5.93589830399,0.0,0.0,-2.41105127335,1.64875519276,-0.503832995892,0.0795853659511,6.25113582611,0.0,0.0,3.12835836411,1.83961510658
-0.25146394968,0.140628293157,6.03992271423,0.0,0.0,-2.36225676537,1.68426275253,-0.48819899559,0.0980715602636,6.21885108948,0.0,0.0,-3.09332156181,1.83203136921
-0.0953475832939,0.237447872758,6.26760721207,0.0,0.0,-2.35464048386,1.72502195835,-0.651935815811,0.201128900051,6.02228212357,0.0,0.0,-3.02778482437,1.91693603992
-0.0703008547425,0.263336509466,0.0634905397892,0.0,0.0,-2.22592639923,1.68972408772,-0.916627585888,0.452177047729,5.8621711731,0.0,0.0,-2.96590089798,2.12067627907
0.031108058989,0.340427815914,0.0743646174669,0.0,0.0,-2.07948637009,1.77077329159,-0.941878914833,0.523651719093,5.81421279907,0.0,0.0,-2.93686652184,2.13451910019
0.508114993572,0.620060801506,0.409476459026,0.0,0.0,-1.02671957016,1.70184206963,-1.20173358917,1.12859892845,5.36566829681,0.0,0.0,-0.209368601441,1.85133779049
0.320284575224,1.08628189564,0.616324722767,0.0,0.0,-0.587026119232,1.12492072582,-0.836014330387,1.25310742855,5.2370800972,0.0,0.0,0.120933845639,1.0025947094
0.236773848534,1.18605816364,0.802005052567,0.0,0.0,-0.312585741282,0.776101768017,-0.913809478283,1.24934220314,5.11843395233,0.0,0.0,-0.068109691143,0.814853787422
0.181895449758,1.19500136375,0.7874391675,0.0,0.0,-0.318773388863,0.753380417824,-0.919562876225,1.24874424934,5.16174507141,0.0,0.0,-0.0491557605565,0.83553737402
-0.171301916242,1.15585541725,0.924278855324,0.0,0.0,-0.30217063427,0.436569035053,-0.698581039906,1.38156175613,4.81647586823,0.0,0.0,-0.0327178873122,0.609671771526
0.107759281993,1.16020131111,0.998676300049,0.0,0.0,-0.180006548762,0.427742362022,0.188841968775,1.35064566135,4.8047580719,0.0,0.0,0.0571746714413,0.443745791912
0.117842443287,1.15336740017,0.981444001198,0.0,0.0,-0.176872238517,0.422364473343,0.222673386335,1.35427045822,4.81449651718,0.0,0.0,0.0646661818027,0.449674755335
0.121309265494,1.15557134151,0.96346527338,0.0,0.0,-0.179297029972,0.425590991974,0.18146494031,1.3545640707,4.84210681915,0.0,0.0,0.0706063732505,0.454112052917
0.113632932305,1.15158128738,0.985919892788,0.0,0.0,-0.170845702291,0.407121151686,0.240551486611,1.35294437408,4.85225963593,0.0,0.0,0.082018725574,0.454430699348
0.141208082438,1.15130567551,0.994178712368,0.0,0.0,-0.166592910886,0.424732208252,0.203921556473,1.35627150536,4.8574590683,0.0,0.0,0.0791961997747,0.458353877068
0.165920987725,1.14437651634,1.01325142384,0.0,0.0,-0.155897751451,0.426915019751,0.192805841565,1.35365343094,4.85002613068,0.0,0.0,0.0751730501652,0.454198539257
0.192185938358,1.13895046711,1.00864624977,0.0,0.0,-0.153033107519,0.443708628416,0.200720414519,1.35215437412,4.85943746567,0.0,0.0,0.0801011547446,0.4541259408
0.183874353766,1.14363312721,0.998406291008,0.0,0.0,-0.160360336304,0.44697278738,0.106251507998,1.35727393627,4.84743261337,0.0,0.0,0.0638074278831,0.459202170372
0.20460280776,1.15106034279,0.980035960674,0.0,0.0,-0.163231179118,0.469538211823,0.123593136668,1.35399532318,4.82154750824,0.0,0.0,0.0556395463645,0.45084965229
0.223135665059,1.14587032795,0.979984164238,0.0,0.0,-0.158209472895,0.476234346628,0.134218737483,1.3553789854,4.81001377106,0.0,0.0,0.0523514226079,0.450276523829
0.238632813096,1.14178490639,0.982623100281,0.0,0.0,-0.152322500944,0.478171020746,0.135881662369,1.3540199995,4.79009962082,0.0,0.0,0.0448304712772,0.444577544928
0.225346744061,1.14869713783,0.99132591486,0.0,0.0,-0.153459265828,0.470647484064,0.0960367694497,1.3577067852,4.79102659225,0.0,0.0,0.0404587984085,0.45207592845
0.242434456944,1.15026175976,0.997193753719,0.0,0.0,-0.147147834301,0.473078131676,0.111321270466,1.34981179237,4.78411197662,0.0,0.0,0.0398369878531,0.439582884312
0.24897159636,1.15736424923,0.972863852978,0.0,0.0,-0.151341170073,0.482123583555,0.112869143486,1.31287586689,4.80791902542,0.0,0.0,0.0509630292654,0.400139003992
0.247095525265,1.157320261,0.968586444855,0.0,0.0,-0.144370496273,0.472912698984,0.193921729922,1.3084423542,4.85433292389,0.0,0.0,0.0820165276527,0.41761174798
0.255417346954,1.14351940155,0.892042160034,0.0,0.0,-0.159331902862,0.508392453194,0.241727977991,1.30483782291,4.89262390137,0.0,0.0,0.103830121458,0.409430205822
0.253564536572,1.13772249222,0.748150110245,0.0,0.0,-0.198236688972,0.580368518829,0.273888498545,1.29239118099,4.9648771286,0.0,0.0,0.127628713846,0.336031407118
0.249561578035,1.13455891609,0.626275837421,0.0,0.0,-0.233911126852,0.644780278206,0.150849014521,1.27177381516,5.14381504059,0.0,0.0,0.167636364698,0.348746746778
0.303595125675,1.12755048275,0.466061353683,0.0,0.0,-0.26346835494,0.767812907696,0.287519156933,1.24190497398,5.36438322067,0.0,0.0,0.247373297811,0.303602576256
0.380407869816,1.16461801529,0.453708171844,0.0,0.0,-0.268457204103,0.823341786861,0.340796887875,1.23382687569,5.4676861763,0.0,0.0,0.282813668251,0.315969228745
0.35434165597,1.17427098751,0.406994372606,0.0,0.0,-0.289179831743,0.828627288342,0.357688367367,1.23053205013,5.64738321304,0.0,0.0,0.325622648001,0.378283381462
0.336162030697,1.17968070507,0.356657594442,0.0,0.0,-0.307215332985,0.847591996193,0.475149422884,1.25761640072,5.70162916183,0.0,0.0,0.343120753765,0.357581615448
0.384652733803,1.18735265732,0.360394746065,0.0,0.0,-0.303740411997,0.881127893925,0.680065333843,1.33748078346,0.255270838737,0.0,0.0,0.356472492218,0.50829744339
-0.288435220718,0.997129678726,0.284180402756,0.0,0.0,-0.855686485767,1.09808599949,1.54744887352,1.56018877029,0.349170088768,0.0,0.0,0.556289732456,0.355114877224
-0.399674534798,0.943714141846,0.27777993679,0.0,0.0,-0.924358308315,1.04339361191,1.59000635147,1.57913148403,0.335422754288,0.0,0.0,0.541820049286,0.33546218276
-0.468767046928,0.880446135998,0.26973170042,0.0,0.0,-0.985646605492,0.98972260952,1.44569861889,1.52699923515,0.258708178997,0.0,0.0,0.480765879154,0.35107049346
-0.40765196085,0.844958603382,0.302475482225,0.0,0.0,-0.982976615429,0.987200021744,1.33158385754,1.50391674042,0.190996825695,0.0,0.0,0.423201829195,0.35389611125
-0.366647690535,0.796978235245,0.305410593748,0.0,0.0,-0.969107329845,0.949929594994,1.24102568626,1.49745702744,0.131063714623,0.0,0.0,0.370986133814,0.347469240427
-0.382439553738,0.754804193974,0.31547755003,0.0,0.0,-0.961973547935,0.888892173767,1.16897177696,1.49979877472,0.0778783559799,0.0,0.0,0.324865162373,0.334924608469
-0.362642228603,0.708889126778,0.309370040894,0.0,0.0,-0.946191549301,0.867587864399,1.11153793335,1.50633144379,0.0305723007768,0.0,0.0,0.284631967545,0.318600028753
