-0.231425017118,0.209880307317,0.0805230364203,0.0,0.0,-2.21302676201,1.53274226189,-0.0703419372439,0.223850056529,5.94736099243,0.0,0.0,2.77490663528,1.68404388428
-0.192326068878,0.186861336231,0.0330663099885,0.0,0.0,-2.21900343895,1.56085920334,-0.0869256108999,0.258447676897,5.95913791656,0.0,0.0,2.70111489296,1.70666766167
-0.205645620823,0.189456894994,0.032720848918,0.0,0.0,-2.24280714989,1.56327474117,-0.0902296155691,0.2585940063,5.98819208145,0.0,0.0,2.68074798584,1.71511793137
-0.214780777693,0.193777769804,0.049201130867,0.0,0.0,-2.2617380619,1.55896925926,-0.0906455367804,0.262870013714,5.96475410461,0.0,0.0,2.70573377609,1.71537077427
-0.243418097496,0.195347651839,0.0426288880408,0.0,0.0,-2.23889183998,1.54233431816,-0.0237522590905,0.20317645371,6.07793664932,0.0,0.0,2.69971227646,1.69015812874
-0.258595854044,0.190215855837,0.0506438426673,0.0,0.0,-2.23808598518,1.52637887001,-0.0506663881242,0.212407827377,6.07636785507,0.0,0.0,2.69534397125,1.70255494118
-0.340585112572,0.166803449392,0.0247174985707,0.0,0.0,-2.15394449234,1.44642698765,-0.0339530557394,0.196842357516,6.06854486465,0.0,0.0,2.63661313057,1.6683781147
-0.406656712294,0.129481837153,6.23385906219,0.0,0.0,-2.09828281403,1.40144109726,-0.0195808075368,0.200945705175,6.1433467865,0.0,0.0,2.47670793533,1.67332267761
-0.393963545561,0.13282777369,6.21878814697,0.0,0.0,-2.07702875137,1.41188716888,0.02299682796,0.190043896437,6.1683678627,0.0,0.0,2.45890569687,1.65745484829
-0.345165669918,0.140606760979,6.25589752197,0.0,0.0,-2.07960486412,1.42223751545,0.0127919334918,0.190758094192,6.16320562363,0.0,0.0,2.45988154411,1.65931653976
-0.230872794986,0.187485143542,6.24265909195,0.0,0.0,-2.03506565094,1.52685451508,0.027614498511,0.219073668122,6.10673999786,0.0,0.0,2.33371973038,1.62014901638
-0.190568849444,0.199531242251,6.24377059937,0.0,0.0,-2.03414416313,1.56650221348,-0.00348558998667,0.258444577456,6.0660405159,0.0,0.0,2.22609233856,1.61311256886
-0.183190241456,0.212795585394,6.2301940918,0.0,0.0,-1.97765111923,1.57412302494,0.0391400046647,0.24637901783,6.05950212479,0.0,0.0,2.18922662735,1.56299269199
-0.192827805877,0.201730281115,6.23522806168,0.0,0.0,-1.98398137093,1.55679190159,0.0481424257159,0.25711902976,6.08950710297,0.0,0.0,2.14725279808,1.57668852806
-0.185713008046,0.192648649216,6.2377371788,0.0,0.0,-1.98236370087,1.55337548256,0.0552305839956,0.264240562916,6.08336114883,0.0,0.0,2.15792489052,1.57597875595
-0.434856772423,-0.109849512577,6.21468496323,0.0,0.0,-2.09086704254,1.21553874016,0.0548688769341,0.0359125137329,6.03320217133,0.0,0.0,2.24752616882,1.36717379093
-0.420220702887,0.0875817090273,6.19053983688,0.0,0.0,-1.93758296967,1.34666025639,-0.0225131139159,0.235562190413,5.90251207352,0.0,0.0,2.08474159241,1.44272398949
-0.412775278091,0.0791902169585,6.19556236267,0.0,0.0,-1.94181060791,1.34246551991,-0.0209497064352,0.233848705888,5.8965177536,0.0,0.0,2.09910464287,1.44079005718
-0.417455077171,0.0766117572784,6.18427419662,0.0,0.0,-1.9438495636,1.34741330147,-0.0179570298642,0.233323186636,5.89834690094,0.0,0.0,2.10230755806,1.44114816189
-0.481490463018,0.113910153508,6.00486803055,0.0,0.0,-1.9196126461,1.47195351124,0.110375195742,0.160768657923,6.03312253952,0.0,0.0,2.0184738636,1.38184559345
-0.458108365536,0.107066661119,5.99243927002,0.0,0.0,-1.89607512951,1.48892569542,0.09938159585,0.153302788734,6.0464887619,0.0,0.0,1.92623889446,1.35949921608
-0.405115067959,0.0684119984508,6.01109647751,0.0,0.0,-1.88325190544,1.48620581627,0.118726037443,0.162151381373,6.03630828857,0.0,0.0,1.92015028,1.34211409092
-0.518640935421,0.0626569315791,5.9879693985,0.0,0.0,-1.82651054859,1.39769506454,0.0715180337429,0.0477688461542,6.09136581421,0.0,0.0,1.82755982876,1.33601939678
-0.527279794216,0.0255437586457,5.97162246704,0.0,0.0,-1.78849864006,1.37859904766,0.126145735383,0.0382574610412,6.16171312332,0.0,0.0,1.80227458477,1.34593558311
-0.452899962664,0.113233365119,6.03845357895,0.0,0.0,-1.7747733593,1.42245805264,0.0463201738894,0.153799369931,6.11471939087,0.0,0.0,1.76667821407,1.42043733597
-0.468470036983,0.094182305038,6.03201389313,0.0,0.0,-1.77230942249,1.40378606319,0.0497212037444,0.182718500495,6.11153459549,0.0,0.0,1.76682257652,1.43047165871
-0.468901455402,0.103463888168,6.0323638916,0.0,0.0,-1.76934218407,1.40714013577,0.0307903513312,0.191989988089,6.10172462463,0.0,0.0,1.76100945473,1.44121992588
-0.479681372643,0.0873697549105,6.02663898468,0.0,0.0,-1.76912307739,1.39432966709,0.0130537059158,0.180119127035,6.10449409485,0.0,0.0,1.76042330265,1.45252144337
-0.471062541008,0.100242614746,6.02877283096,0.0,0.0,-1.76772463322,1.40642893314,0.0231910515577,0.183277621865,6.0946969986,0.0,0.0,1.75628817081,1.43502283096
-0.471781134605,0.0857087373734,6.0345826149,0.0,0.0,-1.76853108406,1.39318776131,0.0201085880399,0.211572170258,6.10701227188,0.0,0.0,1.74013519287,1.46142184734
-0.461506098509,0.0927120000124,6.02362060547,0.0,0.0,-1.76477754116,1.41524028778,0.045140735805,0.237455874681,6.11064481735,0.0,0.0,1.72303414345,1.45417404175
-0.477483421564,0.11508680135,6.00947761536,0.0,0.0,-1.75395846367,1.42269515991,0.0535197928548,0.241879582405,6.10908508301,0.0,0.0,1.71266758442,1.44447016716
-0.490111142397,0.0896146595478,5.99501085281,0.0,0.0,-1.74179339409,1.40951907635,0.0617105402052,0.240101799369,6.11796140671,0.0,0.0,1.70496463776,1.44245326519
-0.491335988045,0.100482821465,5.99590301514,0.0,0.0,-1.73610532284,1.41118872166,0.0744613260031,0.235072523355,6.12380170822,0.0,0.0,1.70035421848,1.43262684345
-0.510086357594,0.0815671980381,5.99346542358,0.0,0.0,-1.73162698746,1.38642013073,0.0942205563188,0.239755153656,6.13114738464,0.0,0.0,1.69344997406,1.42403173447
-0.511723577976,0.0554550476372,5.96464109421,0.0,0.0,-1.72725224495,1.4009912014,0.097560942173,0.234273642302,6.13492584229,0.0,0.0,1.69218552113,1.4211359024
-0.522911965847,0.0535599030554,5.98185062408,0.0,0.0,-1.70629525185,1.36995959282,0.0980986729264,0.248029097915,6.12874317169,0.0,0.0,1.68985617161,1.42301249504
-0.546942234039,0.0421656742692,5.96470165253,0.0,0.0,-1.71528422832,1.36118221283,0.0911682769656,0.257757514715,6.12149858475,0.0,0.0,1.69009971619,1.42799830437
-0.573815882206,0.0556411519647,5.97186565399,0.0,0.0,-1.7062664032,1.33227872849,0.109889030457,0.23616078496,6.13889122009,0.0,0.0,1.68935024738,1.41394519806
-0.566386044025,0.1403644979,5.99236869812,0.0,0.0,-1.65256130695,1.34036254883,0.186538025737,0.186656489968,6.16813850403,0.0,0.0,1.65735208988,1.33604574203
-0.577210843563,0.141088783741,6.00405216217,0.0,0.0,-1.65221822262,1.31940209866,0.174021959305,0.176404252648,6.16924762726,0.0,0.0,1.65254688263,1.34139585495
-0.574998676777,0.133411020041,5.99774646759,0.0,0.0,-1.64725589752,1.32312262058,0.194373443723,0.192469090223,6.16656541824,0.0,0.0,1.65070545673,1.32821452618
-0.568534970284,0.108382537961,5.99034881592,0.0,0.0,-1.64050495625,1.32429945469,0.20683324337,0.199612334371,6.16688728333,0.0,0.0,1.65085709095,1.32123339176
-0.581094324589,0.120114259422,5.97202968597,0.0,0.0,-1.63176143169,1.33179473877,0.205548539758,0.170647159219,6.17487812042,0.0,0.0,1.64926958084,1.31373369694
-0.603627800941,0.134144067764,5.97318601608,0.0,0.0,-1.62489688396,1.31197226048,0.21722202003,0.195542022586,6.17261266708,0.0,0.0,1.64503455162,1.31338632107
-0.633013665676,0.12731590867,5.99369859695,0.0,0.0,-1.63538777828,1.26390731335,0.207605555654,0.204343289137,6.16951799393,0.0,0.0,1.64743375778,1.3253390789
-0.661575853825,0.128800183535,6.01273536682,0.0,0.0,-1.63671469688,1.2184535265,0.207767948508,0.21689863503,6.16657352448,0.0,0.0,1.64480638504,1.32911467552
-0.694494903088,0.124152302742,5.97994184494,0.0,0.0,-1.63421654701,1.21513009071,0.211064726114,0.23641294241,6.16555404663,0.0,0.0,1.63762652874,1.33548617363
-0.706745326519,0.125830575824,6.01305961609,0.0,0.0,-1.59225702286,1.16004645824,0.370126217604,0.2225677073,6.18980169296,0.0,0.0,1.58140528202,1.19188010693
-0.717501461506,0.114800721407,6.01824331284,0.0,0.0,-1.59180009365,1.14055037498,0.371414631605,0.199143633246,6.18753862381,0.0,0.0,1.57516133785,1.17020773888
-0.722125828266,0.0857682004571,6.01865768433,0.0,0.0,-1.59173810482,1.12647819519,0.349497526884,0.213783845305,6.18296051025,0.0,0.0,1.55684387684,1.18713796139
-0.65100389719,0.143683105707,5.98481702805,0.0,0.0,-1.55455958843,1.23649179935,0.34969419241,0.214491501451,6.20549917221,0.0,0.0,1.51656997204,1.19207024574
-0.650598168373,0.222090676427,5.98029565811,0.0,0.0,-1.54131639004,1.26484239101,0.365536898375,0.2209495157,6.1899061203,0.0,0.0,1.51626563072,1.16454267502
-0.658912301064,0.176818951964,6.01299095154,0.0,0.0,-1.5449180603,1.20782279968,0.373865962029,0.220975369215,6.1787276268,0.0,0.0,1.51862490177,1.14667916298
-0.681126832962,0.154509738088,6.00764369965,0.0,0.0,-1.52873551846,1.1787981987,0.359901756048,0.219914212823,6.17083072662,0.0,0.0,1.5155185461,1.14994752407
-0.726414561272,0.240455329418,6.01403903961,0.0,0.0,-1.49964082241,1.14277946949,0.326302021742,0.19792470336,6.20756006241,0.0,0.0,1.4549394846,1.1876937151
-0.716506123543,0.209901362658,5.9903960228,0.0,0.0,-1.50079703331,1.16669976711,0.334616482258,0.174503803253,6.21166181564,0.0,0.0,1.45701134205,1.17611670494
-0.725854635239,0.280854254961,6.0313038826,0.0,0.0,-1.49712145329,1.14114654064,0.362153053284,0.203432500362,6.22041368484,0.0,0.0,1.43455398083,1.16025102139
-0.771109759808,0.347406893969,6.00543880463,0.0,0.0,-1.44150090218,1.12165427208,0.408222168684,0.29082891345,6.21207904816,0.0,0.0,1.42388105392,1.13812983036
-0.784619987011,0.358881533146,6.0130648613,0.0,0.0,-1.4293320179,1.09805881977,0.39578011632,0.297771841288,6.21392250061,0.0,0.0,1.41884481907,1.15342712402
-0.775024950504,0.35351601243,6.01364421844,0.0,0.0,-1.42336797714,1.10177433491,0.396276414394,0.298234671354,6.21426534653,0.0,0.0,1.41884696484,1.15321207047
-0.771868824959,0.353570520878,6.01520490646,0.0,0.0,-1.41884768009,1.1013071537,0.398678779602,0.324758440256,6.21464157104,0.0,0.0,1.41408622265,1.16558074951
-0.775683820248,0.352051347494,6.0170507431,0.0,0.0,-1.41750514507,1.09366154671,0.391060113907,0.334568530321,6.21522474289,0.0,0.0,1.40779948235,1.17767775059
-0.782775819302,0.344973951578,6.01872158051,0.0,0.0,-1.41961467266,1.08226060867,0.386154741049,0.336339145899,6.21570730209,0.0,0.0,1.4030905962,1.18164896965
-0.783240020275,0.345464169979,6.01886749268,0.0,0.0,-1.41777825356,1.08075618744,0.391379028559,0.351533591747,6.21536445618,0.0,0.0,1.39371240139,1.18078875542
-0.786482989788,0.350855112076,6.01883220673,0.0,0.0,-1.41525137424,1.07786238194,0.38026458025,0.353322535753,6.21356916428,0.0,0.0,1.3843537569,1.18653249741
-0.780778110027,0.344644606113,6.01880645752,0.0,0.0,-1.41610324383,1.08162879944,0.367538392544,0.36863180995,6.21628427505,0.0,0.0,1.36930644512,1.20838320255
-0.774829804897,0.350886940956,6.0189242363,0.0,0.0,-1.41002583504,1.08742773533,0.401082158089,0.358410716057,6.21705818176,0.0,0.0,1.36725854874,1.16330623627
-0.763916492462,0.335541337729,6.0135846138,0.0,0.0,-1.41505849361,1.10119211674,0.410944551229,0.389176100492,6.18390130997,0.0,0.0,1.35741341114,1.1341791153
-0.753183424473,0.334668427706,6.01467084885,0.0,0.0,-1.40923607349,1.1083766222,0.428721725941,0.402096688747,6.18586111069,0.0,0.0,1.35309207439,1.12236905098
-0.751689791679,0.334098786116,6.00924825668,0.0,0.0,-1.40991950035,1.11587953568,0.452727019787,0.414865374565,6.18384647369,0.0,0.0,1.33925306797,1.09308314323
-0.745809674263,0.33706009388,6.01444864273,0.0,0.0,-1.40695691109,1.11675477028,0.470701277256,0.415463626385,6.1768860817,0.0,0.0,1.33543491364,1.06471657753
-0.750214457512,0.379955887794,6.03298044205,0.0,0.0,-1.39395368099,1.10533320904,0.51082611084,0.425210297108,6.16346406937,0.0,0.0,1.3345849514,1.01618123055
-0.762258768082,0.396200060844,6.0350689888,0.0,0.0,-1.38544011116,1.09229469299,0.504867315292,0.416990369558,6.18971204758,0.0,0.0,1.33241462708,1.04410791397
-0.749934494495,0.399673223495,6.03162050247,0.0,0.0,-1.3764295578,1.10583901405,0.509409606457,0.408566862345,6.20289182663,0.0,0.0,1.33544945717,1.04869389534
-0.748817622662,0.407880783081,6.01955270767,0.0,0.0,-1.36443448067,1.11501920223,0.500306904316,0.396877497435,6.21361017227,0.0,0.0,1.3351200819,1.06032896042
-0.731487810612,0.406036496162,6.01796388626,0.0,0.0,-1.35833954811,1.13093161583,0.498892784119,0.383941113949,6.21595525742,0.0,0.0,1.34151721001,1.05961537361
-0.768731057644,0.425451397896,6.02297687531,0.0,0.0,-1.35041093826,1.08715999126,0.490206897259,0.38365778327,6.21741819382,0.0,0.0,1.3389891386,1.06842446327
-0.790419578552,0.445770889521,6.02428483963,0.0,0.0,-1.34178507328,1.06495177746,0.483171194792,0.396748006344,6.21807193756,0.0,0.0,1.32766926289,1.0784662962
-0.801998376846,0.451225459576,6.03180646896,0.0,0.0,-1.33532249928,1.04243314266,0.471230149269,0.411584973335,6.21271038055,0.0,0.0,1.31677412987,1.08791553974
-0.811526536942,0.523898422718,6.02915430069,0.0,0.0,-1.27737271786,1.02931499481,0.444116503,0.546388685703,6.17280864716,0.0,0.0,1.21255671978,1.11342322826
-0.818415224552,0.520874381065,6.04291343689,0.0,0.0,-1.27556288242,1.00380516052,0.441123664379,0.549105107784,6.15428972244,0.0,0.0,1.20873224735,1.10387289524
-0.807337284088,0.512251377106,6.04593467712,0.0,0.0,-1.27045333385,1.00546944141,0.458169847727,0.555743992329,6.13617944717,0.0,0.0,1.21051287651,1.07747983932
-0.803982317448,0.50742906332,6.04500293732,0.0,0.0,-1.2701677084,1.00731956959,0.459347903728,0.555646181107,6.12563753128,0.0,0.0,1.21123576164,1.068369627
-0.798794746399,0.500114321709,6.04673194885,0.0,0.0,-1.27538573742,1.01148498058,0.486470550299,0.544617533684,6.1361284256,0.0,0.0,1.22173810005,1.04060053825
-0.786500990391,0.482811510563,6.04020881653,0.0,0.0,-1.27624440193,1.02476763725,0.486417561769,0.499380499125,6.17582559586,0.0,0.0,1.22729229927,1.0420191288
-0.770688831806,0.502203226089,6.04799890518,0.0,0.0,-1.27071845531,1.03932833672,0.464268952608,0.472145348787,6.19683456421,0.0,0.0,1.22385048866,1.06219387054
-0.757950365543,0.647661447525,6.03033590317,0.0,0.0,-1.23530399799,1.14541375637,0.343439847231,0.648862957954,6.15964269638,0.0,0.0,1.13106608391,1.20939671993
-0.776818096638,0.683226466179,6.06839323044,0.0,0.0,-1.21884381771,1.09985399246,0.367667198181,0.656288206577,6.16207933426,0.0,0.0,1.12470555305,1.18143856525
-0.779844105244,0.65072876215,6.05104970932,0.0,0.0,-1.20412993431,1.07261741161,0.377696037292,0.64926046133,6.17261266708,0.0,0.0,1.12229025364,1.16613435745
-0.774272084236,0.639482855797,6.03703784943,0.0,0.0,-1.1986978054,1.08174514771,0.382646739483,0.66565155983,6.15310525894,0.0,0.0,1.12254071236,1.15591990948
-0.759689211845,0.649973332882,6.03479337692,0.0,0.0,-1.18169474602,1.09391713142,0.382973223925,0.682473599911,6.14418077469,0.0,0.0,1.12021100521,1.15965521336
-0.753470301628,0.650314748287,6.03659009933,0.0,0.0,-1.17158031464,1.08954787254,0.378445386887,0.683438122272,6.14080142975,0.0,0.0,1.11891758442,1.16189277172
-0.815756320953,0.626165986061,6.06361293793,0.0,0.0,-1.15338885784,0.945915520191,0.362356036901,0.682960808277,6.13448095322,0.0,0.0,1.11178791523,1.1696113348
-0.645798444748,0.646233260632,6.10455083847,0.0,0.0,-1.10156559944,1.06342864037,0.346162110567,0.677205443382,6.19004917145,0.0,0.0,1.02279806137,1.14959049225
-0.620323061943,0.663201153278,6.11750841141,0.0,0.0,-1.08379685879,1.07418060303,0.365499377251,0.661252498627,6.2080450058,0.0,0.0,1.01154077053,1.12589657307
-0.599206566811,0.631434500217,6.07142686844,0.0,0.0,-1.0213047266,1.07934939861,0.286758214235,0.716097354889,6.14794111252,0.0,0.0,0.908129990101,1.07666635513
-0.58663380146,0.634228348732,6.07262659073,0.0,0.0,-1.01773023605,1.09137988091,0.283281415701,0.715034484863,6.145195961,0.0,0.0,0.907610058784,1.07492184639
-0.596252381802,0.659061133862,6.09336280823,0.0,0.0,-1.02010798454,1.07391381264,0.287489831448,0.71955871582,6.14583587646,0.0,0.0,0.904802024364,1.0709644556
-0.594975233078,0.66774636507,6.11254739761,0.0,0.0,-1.02149343491,1.06261825562,0.27694222331,0.722191572189,6.14535140991,0.0,0.0,0.904607832432,1.08322405815
-0.598345458508,0.667330265045,6.11851501465,0.0,0.0,-1.02553844452,1.05549919605,0.270176917315,0.720782339573,6.14455032349,0.0,0.0,0.901079118252,1.0864918232
-0.592190563679,0.675249457359,6.12344312668,0.0,0.0,-1.02447450161,1.0606470108,0.268814712763,0.7194699049,6.14329957962,0.0,0.0,0.896364688873,1.08208525181
-0.580324351788,0.668021321297,6.12316322327,0.0,0.0,-1.02261972427,1.06864607334,0.271930783987,0.726953208447,6.1438202858,0.0,0.0,0.898672640324,1.0852189064
-0.559578180313,0.647763252258,6.11400222778,0.0,0.0,-1.01650118828,1.08518648148,0.272924333811,0.725720226765,6.14566469193,0.0,0.0,0.894277274609,1.08119773865
-0.536502838135,0.632758677006,6.07781934738,0.0,0.0,-1.01157879829,1.13170385361,0.274415761232,0.713250637054,6.1448059082,0.0,0.0,0.891977190971,1.07037508488
-0.518177568913,0.630504071712,6.06507968903,0.0,0.0,-1.0032081604,1.1557148695,0.278108984232,0.717001140118,6.14202976227,0.0,0.0,0.88496953249,1.06110930443
-0.489607155323,0.603484451771,6.04274177551,0.0,0.0,-0.940457940102,1.15193212032,0.249027639627,0.71097612381,6.15335178375,0.0,0.0,0.860310673714,1.07559835911
-0.469327181578,0.598362147808,6.04028224945,0.0,0.0,-0.914771437645,1.15646541119,0.193118706346,0.702780902386,6.21351289749,0.0,0.0,0.77176886797,1.09201061726
-0.394506216049,0.580560803413,6.04567193985,0.0,0.0,-0.86834526062,1.19560801983,0.111797578633,0.676162421703,6.25803852081,0.0,0.0,0.674894273281,1.12376105785
-0.388140916824,0.593700945377,6.05279064178,0.0,0.0,-0.869517743587,1.19604253769,0.0861878246069,0.682949304581,6.25952577591,0.0,0.0,0.65780633688,1.13611257076
-0.282977432013,0.567180514336,6.06110668182,0.0,0.0,-0.822512686253,1.26319003105,0.0462473407388,0.678516805172,6.27438879013,0.0,0.0,0.626248896122,1.16108453274
-0.305965334177,0.58186519146,6.08635854721,0.0,0.0,-0.823926091194,1.21868669987,0.0181001331657,0.684535741806,6.28127384186,0.0,0.0,0.605129957199,1.17995917797
-0.301762461662,0.559193134308,6.06830978394,0.0,0.0,-0.821051836014,1.23842418194,0.0225008316338,0.695158600807,0.000117987576232,0.0,0.0,0.602876603603,1.17555689812
-0.305186092854,0.554583787918,6.05611658096,0.0,0.0,-0.820403039455,1.24602770805,0.0087990956381,0.704276323318,6.27937841415,0.0,0.0,0.588602185249,1.17367148399
-0.283473968506,0.551446795464,6.07761621475,0.0,0.0,-0.817041754723,1.24588084221,-0.0202973634005,0.698598325253,6.27190303802,0.0,0.0,0.580596327782,1.18773698807
-0.261323004961,0.545357108116,6.07384347916,0.0,0.0,-0.809396147728,1.26700258255,-0.0319912210107,0.700067102909,6.2704410553,0.0,0.0,0.577691435814,1.19403123856
-0.255912333727,0.531892061234,6.06126976013,0.0,0.0,-0.799033463001,1.2791069746,-0.0438438691199,0.692219436169,6.26934432983,0.0,0.0,0.578674972057,1.20610404015
-0.238342627883,0.527451276779,6.0529923439,0.0,0.0,-0.760680258274,1.27964377403,-0.0503473654389,0.693109691143,6.26782941818,0.0,0.0,0.572896182537,1.20600867271
-0.211700469255,0.548825979233,6.08231925964,0.0,0.0,-0.700619637966,1.23722207546,-0.032121501863,0.682406425476,6.26969861984,0.0,0.0,0.571949064732,1.19252836704
-0.128477320075,0.541732728481,6.1109290123,0.0,0.0,-0.63294428587,1.25376188755,-0.0576864778996,0.643126726151,6.28148841858,0.0,0.0,0.505126476288,1.19499981403
-0.112815991044,0.543060898781,6.1176276207,0.0,0.0,-0.626119315624,1.25860631466,-0.0517363622785,0.64206713438,0.000858743325807,0.0,0.0,0.504278957844,1.1890951395
-0.100260622799,0.550604820251,6.12205696106,0.0,0.0,-0.614584326744,1.25626647472,-0.0291154421866,0.633536696434,6.27215385437,0.0,0.0,0.483975380659,1.1481051445
-0.0906353220344,0.531312167645,6.08355522156,0.0,0.0,-0.606779277325,1.29749190807,-0.0145466243848,0.63091468811,6.27800655365,0.0,0.0,0.500333786011,1.15145635605
-0.0850552022457,0.54216593504,6.0960559845,0.0,0.0,-0.601026177406,1.28620839119,0.0139907477424,0.627425551414,0.0170024037361,0.0,0.0,0.469551503658,1.11890149117
-0.0678117871284,0.543428897858,6.11325645447,0.0,0.0,-0.594606339931,1.285125494,0.0166531037539,0.628959953785,0.0313881486654,0.0,0.0,0.450646996498,1.1105260849
-0.0392076149583,0.54174631834,6.12077283859,0.0,0.0,-0.587725043297,1.30221223831,0.0197107344866,0.632151067257,0.0396309234202,0.0,0.0,0.446198195219,1.10714399815
-0.0284835770726,0.543046474457,6.13151502609,0.0,0.0,-0.582147538662,1.29973649979,0.0311128348112,0.627769172192,0.043014280498,0.0,0.0,0.446820765734,1.10144865513
-0.0413868688047,0.548245131969,6.13743638992,0.0,0.0,-0.583105742931,1.28163087368,0.0230562631041,0.639069676399,0.0478726997972,0.0,0.0,0.442859381437,1.10253202915
-0.0156824402511,0.54794973135,6.1470823288,0.0,0.0,-0.572264611721,1.29151880741,0.0326154045761,0.639082551003,0.0511153936386,0.0,0.0,0.439994305372,1.09446597099
0.000967172265518,0.545761048794,6.15754365921,0.0,0.0,-0.564674735069,1.29530465603,0.0270363818854,0.633494973183,0.0489528402686,0.0,0.0,0.443854391575,1.10320794582
0.015906425193,0.529929757118,6.13333129883,0.0,0.0,-0.562299251556,1.33424460888,0.02933957614,0.63080984354,0.0508300177753,0.0,0.0,0.443939745426,1.1030203104
0.200467959046,0.498600274324,6.19515419006,0.0,0.0,-0.384741187096,1.35378789902,-0.272467941046,0.653913915157,0.0770539566875,0.0,0.0,0.220988720655,1.20822489262
0.210048556328,0.423090368509,6.11456680298,0.0,0.0,-0.268041074276,1.39000916481,-0.427870124578,0.62094861269,0.0726300403476,0.0,0.0,0.075314193964,1.25174641609
0.209630385041,0.428652405739,6.1177239418,0.0,0.0,-0.25225931406,1.37423062325,-0.460188508034,0.610244274139,0.0483094640076,0.0,0.0,0.0633631721139,1.26734530926
0.214073821902,0.432304382324,6.11800432205,0.0,0.0,-0.24045547843,1.36829328537,-0.498718827963,0.605457246304,0.00203411350958,0.0,0.0,0.0550029054284,1.27583944798
0.216306820512,0.43644952774,6.119617939,0.0,0.0,-0.235710084438,1.36347985268,-0.541603624821,0.606737554073,6.23975038528,0.0,0.0,0.0472717769444,1.28654873371
0.21009786427,0.436778068542,6.1255979538,0.0,0.0,-0.230086326599,1.35163021088,-0.576671719551,0.618711829185,6.20331192017,0.0,0.0,0.0390674956143,1.28645884991
0.226417809725,0.440608203411,6.13012123108,0.0,0.0,-0.213718771935,1.3503177166,-0.572909712791,0.615310072899,6.1891951561,0.0,0.0,0.0496302619576,1.2856451273
0.229755982757,0.448950797319,6.13178825378,0.0,0.0,-0.204759597778,1.34130477905,-0.553119421005,0.621464192867,6.19455957413,0.0,0.0,0.0667342022061,1.27291464806
0.244230926037,0.448281645775,6.1368470192,0.0,0.0,-0.197531372309,1.34790813923,-0.544807732105,0.613022446632,6.19716739655,0.0,0.0,0.0668505802751,1.27207839489
0.271307170391,0.450497537851,6.13876533508,0.0,0.0,-0.192692443728,1.36629128456,-0.516023993492,0.594057619572,6.21103811264,0.0,0.0,0.0890919789672,1.28231072426
0.299178928137,0.449216157198,6.14334344864,0.0,0.0,-0.172334253788,1.37718081474,-0.469491124153,0.57674485445,6.22356843948,0.0,0.0,0.114566467702,1.27549302578
0.317310988903,0.43851006031,6.15650177002,0.0,0.0,-0.16555005312,1.39250922203,-0.446973741055,0.560392558575,6.23301792145,0.0,0.0,0.128736808896,1.28112912178
0.37044146657,0.420327305794,6.15015459061,0.0,0.0,-0.25400775671,1.5248708725,-0.355345785618,0.553901731968,6.23700809479,0.0,0.0,0.331718027592,1.3430314064
-0.215677782893,-0.641877830029,5.97439861298,0.0,0.0,-2.32640790939,1.39340722561,-0.0637293756008,-0.00708133121952,6.08194255829,0.0,0.0,1.69563007355,1.43333125114
-0.233948528767,-0.703892827034,5.96473741531,0.0,0.0,-2.4070019722,1.31255269051,-0.0510755479336,-0.21281696856,6.09622430801,0.0,0.0,2.04909968376,1.38378298283
-0.247890219092,-0.763589143753,5.99059534073,0.0,0.0,-2.48341441154,1.19743895531,-0.0322964638472,-0.369736731052,6.11814212799,0.0,0.0,2.28118538857,1.30474066734
-0.23824210465,-0.813856065273,6.00240659714,0.0,0.0,-2.52291440964,1.15165328979,0.043096087873,-0.808828353882,6.24325084686,0.0,0.0,2.69805335999,0.951246023178
-0.217036053538,-0.932691156864,6.12771463394,0.0,0.0,-2.67464900017,0.890149056911,0.203668981791,-0.907108664513,6.27603816986,0.0,0.0,2.7635948658,0.747243344784
-0.3422549963,-1.32981729507,0.367933958769,0.0,0.0,-2.96112680435,0.224090516567,0.486387312412,-1.29612493515,4.15377044678,0.0,0.0,3.09067082405,0.269810587168
-0.306884229183,-1.32593119144,0.286711245775,0.0,0.0,-2.93799781799,0.2789465487,0.2692900002,-1.26195287704,5.62343168259,0.0,0.0,3.06959247589,0.265519797802
-0.276739537716,-1.21838128567,6.23487710953,0.0,0.0,-2.95604419708,0.395375460386,0.515857219696,-1.24585223198,5.94730091095,0.0,0.0,2.99220919609,0.291800767183
-0.26601216197,-1.21197474003,6.17115068436,0.0,0.0,-2.96037745476,0.416006684303,0.509251177311,-1.25260543823,5.94804811478,0.0,0.0,2.99277758598,0.280941933393
-0.363658457994,-1.20875751972,6.0601272583,0.0,0.0,-2.94294309616,0.429877132177,0.478496015072,-1.24434018135,6.02110004425,0.0,0.0,2.99333047867,0.293137460947
-0.341765612364,-1.18892788887,6.08581829071,0.0,0.0,-2.93314862251,0.450947165489,0.322633981705,-1.16779148579,0.520787477493,0.0,0.0,3.01986289024,0.459744662046
-0.240227907896,-1.12128305435,5.88418102264,0.0,0.0,-2.91232228279,0.619740366936,0.251397162676,-1.09728431702,0.920371592045,0.0,0.0,3.03242731094,0.58844345808
-0.209408670664,-0.941550731659,5.42516613007,0.0,0.0,-2.88845348358,1.00101602077,0.176894247532,-0.907018482685,1.0473793745,0.0,0.0,2.99188423157,0.925612032413
-0.124758660793,0.915101766586,5.98786211014,0.0,0.0,-1.02274572849,1.76131129265,0.00584125611931,1.09284758568,6.21430301666,0.0,0.0,1.03742480278,1.75005781651
-0.220499560237,0.988876402378,5.95518541336,0.0,0.0,-0.940606594086,1.67924082279,0.0912555456161,1.15119719505,6.16754865646,0.0,0.0,0.957902610302,1.64464449883
-0.34847086668,1.16467905045,6.00747919083,0.0,0.0,-0.809288918972,1.53093290329,0.378273099661,1.23791730404,6.15554714203,0.0,0.0,0.864392638206,1.48848950863
-0.572557151318,1.29135620594,0.204512044787,0.0,0.0,-0.287954956293,0.283797085285,0.733233273029,1.35013723373,5.83320808411,0.0,0.0,0.24479162693,0.119375705719
-0.67044198513,1.32272422314,0.219475820661,0.0,0.0,-0.289117395878,0.245639532804,0.712045431137,1.34800434113,5.80956077576,0.0,0.0,0.22884246707,0.110726565123
-0.619676828384,1.30158674717,0.250687688589,0.0,0.0,-0.280211448669,0.246159270406,0.716957092285,1.3472994566,5.82711076736,0.0,0.0,0.229380995035,0.11393801868
-0.637315988541,1.31489765644,0.322588115931,0.0,0.0,-0.27425467968,0.216306328773,0.758880972862,1.36077284813,5.75048208237,0.0,0.0,0.224957674742,0.0789296925068
-0.627052128315,1.30084848404,0.277718573809,0.0,0.0,-0.280772745609,0.235596597195,0.732781708241,1.35985350609,5.78477287292,0.0,0.0,0.230162650347,0.100945234299
-0.654550373554,1.31958782673,0.337326556444,0.0,0.0,-0.27825447917,0.212931573391,0.750023424625,1.36027061939,5.7960691452,0.0,0.0,0.236527636647,0.101432152092
-0.614527523518,1.30468070507,0.285836040974,0.0,0.0,-0.279828488827,0.243272185326,0.742373168468,1.35027658939,5.77830505371,0.0,0.0,0.240055978298,0.0988542512059
-0.574003577232,1.29244697094,0.253590762615,0.0,0.0,-0.278933227062,0.267971545458,0.760713279247,1.35137891769,5.75148487091,0.0,0.0,0.239986389875,0.084511525929
-0.574189722538,1.29117166996,0.24312132597,0.0,0.0,-0.281906187534,0.272786468267,0.748320639133,1.35244977474,5.73670005798,0.0,0.0,0.23567597568,0.0840028375387
-0.623594760895,1.30884277821,0.310873091221,0.0,0.0,-0.279088377953,0.230870470405,0.704675614834,1.34479761124,5.74062585831,0.0,0.0,0.229450017214,0.096580311656
-0.607434928417,1.29395651817,0.283609002829,0.0,0.0,-0.278070598841,0.239873379469,0.698065578938,1.34301054478,5.75105190277,0.0,0.0,0.232725411654,0.103569529951
-0.618828773499,1.29595255852,0.248956084251,0.0,0.0,-0.281293809414,0.248902291059,0.644960641861,1.33740592003,5.82015609741,0.0,0.0,0.245193421841,0.156097784638
-0.753762066364,1.34160518646,0.403760522604,0.0,0.0,-0.276656627655,0.154110714793,0.694663703442,1.34328114986,5.73002433777,0.0,0.0,0.234113276005,0.102289631963
-0.687066853046,1.31779110432,0.327584981918,0.0,0.0,-0.273907005787,0.192837432027,0.655647039413,1.34004259109,5.75460767746,0.0,0.0,0.23224619031,0.123102776706
-0.60992115736,1.29540538788,0.249586433172,0.0,0.0,-0.27142906189,0.245806619525,0.639299154282,1.33723604679,5.75917387009,0.0,0.0,0.237646266818,0.136816516519
-0.56219214201,1.28668701649,0.306129187346,0.0,0.0,-0.258969515562,0.238366052508,0.58790820837,1.33234941959,5.81773424149,0.0,0.0,0.254681557417,0.197678521276
-0.414288818836,1.28804039955,0.438279271126,0.0,0.0,-0.265805631876,0.283157646656,0.431508183479,1.31266462803,5.81651115417,0.0,0.0,0.232211843133,0.242194890976
-0.576290309429,1.25831973553,0.422086119652,0.0,0.0,-0.274272948503,0.204616054893,0.393087774515,1.32393825054,5.81647014618,0.0,0.0,0.219779536128,0.249849319458
-0.667579054832,1.20209550858,0.267860919237,0.0,0.0,-0.612460851669,0.640031218529,-0.0425336956978,1.17293548584,5.83004522324,0.0,0.0,0.1698782444,0.418323636055
-0.718984603882,1.18619096279,0.255384325981,0.0,0.0,-0.688396453857,0.703210949898,-0.0273134671152,1.17522466183,5.86160326004,0.0,0.0,0.201964244246,0.453470617533
-0.762101113796,1.15773451328,0.253622531891,0.0,0.0,-0.771204411983,0.746968924999,0.00929529312998,1.19163894653,5.80763864517,0.0,0.0,0.235484868288,0.45899233222
-0.818506777287,1.07209146023,0.296753853559,0.0,0.0,-0.889263868332,0.698466777802,0.0152468411252,1.18825340271,5.86242294312,0.0,0.0,0.257126390934,0.493352413177
-0.856029808521,1.02797985077,0.304793596268,0.0,0.0,-0.958029747009,0.67972612381,-0.0150480940938,1.16916048527,6.00543546677,0.0,0.0,0.237167283893,0.525087594986
-0.87719899416,0.984564721584,0.314295262098,0.0,0.0,-1.01437783241,0.651741921902,-0.030731504783,1.15126729012,6.21273899078,0.0,0.0,0.223922148347,0.585805237293
-0.865266084671,0.965553939342,0.307450890541,0.0,0.0,-1.02975010872,0.650128602982,0.0521094314754,1.12534499168,0.0181860495359,0.0,0.0,0.188259378076,0.537036597729
-0.84966892004,0.968991100788,0.334900915623,0.0,0.0,-1.01608026028,0.624381899834,-0.0816937461495,1.13154375553,0.110658928752,0.0,0.0,0.161728605628,0.600096523762
-0.879885613918,0.977792799473,0.335809856653,0.0,0.0,-0.993590474129,0.543731093407,-0.170397922397,1.11728322506,0.210254520178,0.0,0.0,0.116861864924,0.634953439236
-0.903295338154,1.01375102997,0.418301612139,0.0,0.0,-0.9399548769,0.428052246571,-0.322057425976,1.06861376762,0.216930955648,0.0,0.0,0.0555590987206,0.700029730797
-0.896780431271,1.0296806097,0.493741720915,0.0,0.0,-0.918023228645,0.421807348728,-0.313060879707,1.03211545944,0.123592555523,0.0,0.0,0.0517636314034,0.710447788239
-0.834982275963,1.08360600471,0.513907432556,0.0,0.0,-0.999531030655,0.725682973862,-0.303629815578,1.00137925148,0.509198486805,0.0,0.0,0.0220090094954,0.784099042416
